2.72114e-19 3.1954157472296784e+29 
0.4999822636000001 8.175075629301007e-08 
0.9999645272000002 1.641874051442504e-08 
1.4999467908000002 5.668587068431798e-09 
1.9999290544000004 2.3823520499384354e-09 
2.499911318 1.0828568558178772e-09 
2.9998935816000003 4.976412391591065e-10 
3.4998758452000005 2.1766332484359917e-10 
3.9998581088000007 8.330564599387751e-11 
4.4998403724000005 2.3683707439710492e-11 
4.999822636 4.291179328777164e-12 
5.499804899600001 7.155600940042356e-12 
5.999787163200001 2.2429878715940273e-11 
6.4997694268 4.4510772324792994e-11 
6.999751690400001 7.012137095580194e-11 
7.499733954000001 9.731035932764928e-11 
7.999716217600001 1.2490563750278599e-10 
8.499698481200001 1.52204605822489e-10 
8.999680744800001 1.7879300477760588e-10 
9.4996630084 2.0443612308935012e-10 
9.999645272 2.290120110333052e-10 
10.499627535600002 2.524697271045549e-10 
10.999609799200002 2.7480284748038076e-10 
11.499592062800001 2.9603246616677003e-10 
11.999574326400001 3.161961973455401e-10 
12.499556590000001 3.3534102881569733e-10 
12.9995388536 3.5351867635678484e-10 
13.499521117200002 3.7078257820655606e-10 
13.999503380800002 3.8718597325773987e-10 
14.499485644400002 4.0278069901502667e-10 
14.999467908000002 4.1761646877410535e-10 
15.499450171600001 4.317404676724461e-10 
15.999432435200003 4.4519715996556916e-10 
16.499414698800003 4.580282348789115e-10 
16.999396962400002 4.702726418332163e-10 
17.499379226000002 4.819666816738691e-10 
17.999361489600002 4.931441312950889e-10 
18.4993437532 5.038363864019279e-10 
18.9993260168 5.140726121960344e-10 
19.4993082804 5.238798952390165e-10 
19.999290544 5.332833921338964e-10 
20.499272807600004 5.423064723058842e-10 
20.999255071200004 5.509708532877066e-10 
21.499237334800004 5.592967276796033e-10 
21.999219598400003 5.673028814690469e-10 
22.499201862000003 5.750068037360075e-10 
22.999184125600003 5.824247879892388e-10 
23.499166389200003 5.89572025514642e-10 
23.999148652800002 5.964626911944181e-10 
24.499130916400002 6.031100222936799e-10 
