2.7211400000000004e-09 3261132372.220425 
0.4999822663211401 9.659641279483339e-08 
0.9999645299211402 2.4149103330139184e-08 
1.4999467935211401 1.0732934832866432e-08 
1.99992905712114 6.0372758489636535e-09 
2.4999113207211403 3.863856545439631e-09 
2.99989358432114 2.6832337130844178e-09 
3.4998758479211407 1.971355381552519e-09 
3.999858111521141 1.5093189642945202e-09 
4.499840375121141 1.1925483176475642e-09 
4.999822638721141 9.659641374113545e-10 
5.499804902321141 7.983174690140006e-10 
5.999787165921141 6.708084288795803e-10 
6.499769429521141 5.715764128130155e-10 
6.999751693121141 4.928388457713103e-10 
7.499733956721141 4.293173945608164e-10 
7.999716220321141 3.7732974133033096e-10 
8.499698483921142 3.3424364631290766e-10 
8.999680747521142 2.9813707959218035e-10 
9.499663011121141 2.6758009360371425e-10 
9.999645274721141 2.414910344842695e-10 
10.49962753832114 2.1903948706623865e-10 
10.999609801921142 1.995793673522461e-10 
11.499592065521142 1.826019164471929e-10 
11.999574329121142 1.6770210729595463e-10 
12.499556592721142 1.5455426208675565e-10 
12.999538856321141 1.428941032630767e-10 
13.499521119921141 1.3250536873434523e-10 
13.999503383521143 1.2320971149072508e-10 
14.499485647121142 1.1485899382880302e-10 
14.999467910721142 1.0732934867914655e-10 
15.499450174321142 1.0051655963825442e-10 
15.999432437921142 9.433243536467034e-11 
16.499414701521143 8.870194106007172e-11 
16.999396965121143 8.356091160497856e-11 
17.499379228721143 7.885421536019492e-11 
17.999361492321142 7.453426992058122e-11 
18.499343755921142 7.0559834782953e-11 
18.999326019521142 6.689502342009037e-11 
19.49930828312114 6.350849034800788e-11 
19.99929054672114 6.037275863749623e-11 
20.49927281032114 5.746366080942006e-11 
20.99925507392114 5.4759871780751524e-11 
21.499237337521144 5.2242516939874475e-11 
21.999219601121144 4.989484185040477e-11 
22.499201864721144 4.770193275205661e-11 
22.999184128321144 4.5650479122600475e-11 
23.499166391921143 4.372857121951513e-11 
23.999148655521143 4.19255268334961e-11 
24.499130919121143 4.0231742534286566e-11 
